(kicad_pcb (version 20171130) (host pcbnew "(5.1.10)-1")

  (general
    (thickness 1.6)
    (drawings 18)
    (tracks 238)
    (zones 0)
    (modules 43)
    (nets 22)
  )

  (page A4)
  (layers
    (0 F.Cu signal)
    (31 B.Cu signal)
    (32 B.Adhes user hide)
    (33 F.Adhes user hide)
    (34 B.Paste user hide)
    (35 F.Paste user hide)
    (36 B.SilkS user)
    (37 F.SilkS user)
    (38 B.Mask user hide)
    (39 F.Mask user hide)
    (40 Dwgs.User user hide)
    (41 Cmts.User user hide)
    (42 Eco1.User user hide)
    (43 Eco2.User user hide)
    (44 Edge.Cuts user)
    (45 Margin user)
    (46 B.CrtYd user)
    (47 F.CrtYd user)
    (48 B.Fab user hide)
    (49 F.Fab user hide)
  )

  (setup
    (last_trace_width 0.25)
    (user_trace_width 0.5)
    (trace_clearance 0.2)
    (zone_clearance 0.508)
    (zone_45_only no)
    (trace_min 0.2)
    (via_size 0.8)
    (via_drill 0.4)
    (via_min_size 0.4)
    (via_min_drill 0.3)
    (uvia_size 0.3)
    (uvia_drill 0.1)
    (uvias_allowed no)
    (uvia_min_size 0.2)
    (uvia_min_drill 0.1)
    (edge_width 0.05)
    (segment_width 0.2)
    (pcb_text_width 0.3)
    (pcb_text_size 1.5 1.5)
    (mod_edge_width 0.12)
    (mod_text_size 1 1)
    (mod_text_width 0.15)
    (pad_size 1.524 1.524)
    (pad_drill 0.762)
    (pad_to_mask_clearance 0)
    (aux_axis_origin 0 0)
    (visible_elements 7FFFFFFF)
    (pcbplotparams
      (layerselection 0x010fc_ffffffff)
      (usegerberextensions false)
      (usegerberattributes true)
      (usegerberadvancedattributes true)
      (creategerberjobfile true)
      (excludeedgelayer true)
      (linewidth 0.100000)
      (plotframeref false)
      (viasonmask false)
      (mode 1)
      (useauxorigin false)
      (hpglpennumber 1)
      (hpglpenspeed 20)
      (hpglpendiameter 15.000000)
      (psnegative false)
      (psa4output false)
      (plotreference true)
      (plotvalue true)
      (plotinvisibletext false)
      (padsonsilk false)
      (subtractmaskfromsilk false)
      (outputformat 1)
      (mirror false)
      (drillshape 1)
      (scaleselection 1)
      (outputdirectory ""))
  )

  (net 0 "")
  (net 1 +3V3)
  (net 2 GND)
  (net 3 "Net-(D1-Pad2)")
  (net 4 "Net-(D1-Pad1)")
  (net 5 "Net-(D2-Pad2)")
  (net 6 "Net-(D3-Pad2)")
  (net 7 "Net-(D4-Pad2)")
  (net 8 "Net-(D5-Pad2)")
  (net 9 VSOLAR)
  (net 10 SDA)
  (net 11 SCL)
  (net 12 "Net-(C8-Pad1)")
  (net 13 "Net-(C40-Pad1)")
  (net 14 "Net-(Q12-Pad6)")
  (net 15 "Net-(Q7-Pad2)")
  (net 16 SCL_SUN)
  (net 17 "Net-(Q13-Pad6)")
  (net 18 "Net-(Q8-Pad2)")
  (net 19 SDA_SUN)
  (net 20 "Net-(Q12-Pad2)")
  (net 21 "Net-(Q13-Pad2)")

  (net_class Default "This is the default net class."
    (clearance 0.2)
    (trace_width 0.25)
    (via_dia 0.8)
    (via_drill 0.4)
    (uvia_dia 0.3)
    (uvia_drill 0.1)
    (add_net +3V3)
    (add_net GND)
    (add_net "Net-(C40-Pad1)")
    (add_net "Net-(C8-Pad1)")
    (add_net "Net-(D1-Pad1)")
    (add_net "Net-(D1-Pad2)")
    (add_net "Net-(D2-Pad2)")
    (add_net "Net-(D3-Pad2)")
    (add_net "Net-(D4-Pad2)")
    (add_net "Net-(D5-Pad2)")
    (add_net "Net-(Q12-Pad2)")
    (add_net "Net-(Q12-Pad6)")
    (add_net "Net-(Q13-Pad2)")
    (add_net "Net-(Q13-Pad6)")
    (add_net "Net-(Q7-Pad2)")
    (add_net "Net-(Q8-Pad2)")
    (add_net SCL)
    (add_net SCL_SUN)
    (add_net SDA)
    (add_net SDA_SUN)
    (add_net VSOLAR)
  )

  (module sapling:AP.12F_Taoglas (layer F.Cu) (tedit 62741D06) (tstamp 62740427)
    (at 147.701 64.897)
    (fp_text reference REF** (at 0 -2.54) (layer Dwgs.User) hide
      (effects (font (size 1 1) (thickness 0.15)))
    )
    (fp_text value AP.12F_Taoglas (at 0 -0.5) (layer F.Fab)
      (effects (font (size 1 1) (thickness 0.15)))
    )
    (fp_line (start -6.28 13.77) (end -6.28 2.47) (layer F.SilkS) (width 0.3))
    (fp_line (start -6.15 13.77) (end 5.15 13.77) (layer F.SilkS) (width 0.3))
    (fp_line (start 5.15 13.77) (end 5.15 2.47) (layer F.SilkS) (width 0.3))
    (fp_line (start -6.28 2.47) (end 5.15 2.47) (layer F.SilkS) (width 0.3))
    (fp_line (start -7.35 14.97) (end -7.35 1.27) (layer F.SilkS) (width 0.3))
    (fp_line (start -7.35 14.97) (end 6.35 14.97) (layer F.SilkS) (width 0.3))
    (fp_line (start 6.35 14.97) (end 6.35 1.27) (layer F.SilkS) (width 0.3))
    (fp_line (start -7.35 1.27) (end 6.35 1.27) (layer F.SilkS) (width 0.3))
    (model C:/Users/grant/Downloads/AP.12F.07.0045A_Web_v2.step
      (offset (xyz -4.75 20.3 68.34999999999999))
      (scale (xyz 1 1 1))
      (rotate (xyz -180 0 -90))
    )
  )

  (module sapling:OPT3001 (layer F.Cu) (tedit 61328B5E) (tstamp 6270D816)
    (at 147.574 90.932)
    (path /62711F64)
    (fp_text reference U1 (at 0.54 -2.008) (layer F.SilkS)
      (effects (font (size 0.8 0.8) (thickness 0.15)))
    )
    (fp_text value OPT3001DNPT (at 7.652 2.008) (layer F.Fab)
      (effects (font (size 0.8 0.8) (thickness 0.15)))
    )
    (fp_line (start 1.615 -1.25) (end 1.615 1.25) (layer F.CrtYd) (width 0.05))
    (fp_line (start -1.615 -1.25) (end -1.615 1.25) (layer F.CrtYd) (width 0.05))
    (fp_line (start -1.615 1.25) (end 1.615 1.25) (layer F.CrtYd) (width 0.05))
    (fp_line (start -1.615 -1.25) (end 1.615 -1.25) (layer F.CrtYd) (width 0.05))
    (fp_line (start 1 -1) (end 1 1) (layer F.Fab) (width 0.127))
    (fp_line (start -1 -1) (end -1 1) (layer F.Fab) (width 0.127))
    (fp_line (start -1 1.099) (end 1 1.099) (layer F.SilkS) (width 0.127))
    (fp_line (start -1 -1.099) (end 1 -1.099) (layer F.SilkS) (width 0.127))
    (fp_line (start -1 1) (end 1 1) (layer F.Fab) (width 0.127))
    (fp_line (start -1 -1) (end 1 -1) (layer F.Fab) (width 0.127))
    (fp_circle (center -1.935 -0.65) (end -1.835 -0.65) (layer F.Fab) (width 0.2))
    (fp_circle (center -1.935 -0.65) (end -1.835 -0.65) (layer F.SilkS) (width 0.2))
    (fp_poly (pts (xy -0.21 -0.43) (xy 0.21 -0.43) (xy 0.21 0.43) (xy -0.21 0.43)) (layer F.Paste) (width 0.01))
    (pad 1 smd rect (at -0.995 -0.65) (size 0.74 0.27) (layers F.Cu F.Paste F.Mask)
      (net 1 +3V3))
    (pad 2 smd rect (at -0.995 0) (size 0.74 0.27) (layers F.Cu F.Paste F.Mask)
      (net 16 SCL_SUN))
    (pad 3 smd rect (at -0.995 0.65) (size 0.74 0.27) (layers F.Cu F.Paste F.Mask)
      (net 2 GND))
    (pad 4 smd rect (at 0.995 0.65) (size 0.74 0.27) (layers F.Cu F.Paste F.Mask)
      (net 16 SCL_SUN))
    (pad 5 smd rect (at 0.995 0) (size 0.74 0.27) (layers F.Cu F.Paste F.Mask))
    (pad 6 smd rect (at 0.995 -0.65) (size 0.74 0.27) (layers F.Cu F.Paste F.Mask)
      (net 19 SDA_SUN))
    (pad 7 smd rect (at 0 0) (size 0.65 1.35) (layers F.Cu F.Mask)
      (net 2 GND))
    (model C:/Users/grant/Downloads/OPT3001DNPT.STEP
      (at (xyz 0 0 0))
      (scale (xyz 1 1 1))
      (rotate (xyz -90 0 0))
    )
  )

  (module sapling:SM101K07TF locked (layer F.Cu) (tedit 614D4B0F) (tstamp 619B63D7)
    (at 118.11 73.914 270)
    (path /61455D69)
    (fp_text reference SC6 (at 0 0.5 90) (layer F.SilkS)
      (effects (font (size 1 1) (thickness 0.15)))
    )
    (fp_text value SM101K07TF (at 0 -2.54 90) (layer F.SilkS)
      (effects (font (size 1 1) (thickness 0.15)))
    )
    (fp_line (start -17.5 11) (end -17.5 -11) (layer F.SilkS) (width 0.3))
    (fp_line (start 17.5 11) (end -17.5 11) (layer F.SilkS) (width 0.3))
    (fp_line (start 17.5 -11) (end 17.5 11) (layer F.SilkS) (width 0.3))
    (fp_line (start -17.5 -11) (end 17.5 -11) (layer F.SilkS) (width 0.3))
    (fp_text user - (at 8.89 5.08) (layer F.SilkS)
      (effects (font (size 3 3) (thickness 0.3)))
    )
    (fp_text user + (at 8.89 -5.08 90) (layer F.SilkS)
      (effects (font (size 3 3) (thickness 0.3)))
    )
    (pad 2 thru_hole circle (at 13 4.5 270) (size 3 3) (drill 2) (layers *.Cu *.Mask)
      (net 2 GND))
    (pad 1 thru_hole circle (at 13 -4.5 270) (size 3 3) (drill 2) (layers *.Cu *.Mask)
      (net 8 "Net-(D5-Pad2)"))
    (model "C:/Users/grant/Downloads/SM101K07TF v3.step"
      (offset (xyz 17.5 -11 0))
      (scale (xyz 1 1 1))
      (rotate (xyz 0 0 -90))
    )
  )

  (module sapling:DO-214AC locked (layer F.Cu) (tedit 6131B737) (tstamp 619B63CC)
    (at 162.052 82.042 270)
    (descr "Diode Footprint for CDBA240LL-HF")
    (path /6108B315)
    (attr smd)
    (fp_text reference D9 (at 0 2.54 90) (layer F.SilkS)
      (effects (font (size 1 1) (thickness 0.15)))
    )
    (fp_text value CDBA240LL-HF (at 0 -2.54 90) (layer F.Fab)
      (effects (font (size 1 1) (thickness 0.15)))
    )
    (fp_line (start -2.375 1.45) (end 2.375 1.45) (layer F.SilkS) (width 0.12))
    (fp_line (start 2.375 1.45) (end 2.375 -1.45) (layer F.SilkS) (width 0.12))
    (fp_line (start -2.375 1.45) (end -2.375 -1.45) (layer F.SilkS) (width 0.12))
    (fp_line (start -2.375 -1.45) (end 2.375 -1.45) (layer F.SilkS) (width 0.12))
    (fp_poly (pts (xy 0.508 0.7112) (xy -0.3048 -0.0254) (xy 0.508 -0.635)) (layer F.SilkS) (width 0.1))
    (fp_line (start -0.4318 -0.8128) (end -0.4318 0.7366) (layer F.SilkS) (width 0.12))
    (pad 2 smd rect (at 2 0 270) (size 2.5 1.7) (layers F.Cu F.Paste F.Mask)
      (net 4 "Net-(D1-Pad1)"))
    (pad 1 smd rect (at -2 0 270) (size 2.5 1.7) (layers F.Cu F.Paste F.Mask)
      (net 9 VSOLAR))
    (model "C:/Users/grant/Downloads/sma-do-214ac-1.snapshot.1/SMA (DO-214AC).STEP"
      (at (xyz 0 0 0))
      (scale (xyz 1 1 1))
      (rotate (xyz -90 0 0))
    )
  )

  (module sapling:DO-214AC locked (layer F.Cu) (tedit 6131B737) (tstamp 619B63B6)
    (at 185.42 112.236 270)
    (descr "Diode Footprint for CDBA240LL-HF")
    (path /6128499D)
    (attr smd)
    (fp_text reference D2 (at -5.048 0) (layer F.SilkS)
      (effects (font (size 1 1) (thickness 0.15)))
    )
    (fp_text value CDBA240LL-HF (at 0 -2.54 270) (layer F.Fab)
      (effects (font (size 1 1) (thickness 0.15)))
    )
    (fp_line (start -2.375 1.45) (end 2.375 1.45) (layer F.SilkS) (width 0.12))
    (fp_line (start 2.375 1.45) (end 2.375 -1.45) (layer F.SilkS) (width 0.12))
    (fp_line (start -2.375 1.45) (end -2.375 -1.45) (layer F.SilkS) (width 0.12))
    (fp_line (start -2.375 -1.45) (end 2.375 -1.45) (layer F.SilkS) (width 0.12))
    (fp_poly (pts (xy 0.508 0.7112) (xy -0.3048 -0.0254) (xy 0.508 -0.635)) (layer F.SilkS) (width 0.1))
    (fp_line (start -0.4318 -0.8128) (end -0.4318 0.7366) (layer F.SilkS) (width 0.12))
    (pad 2 smd rect (at 2 0 270) (size 2.5 1.7) (layers F.Cu F.Paste F.Mask)
      (net 5 "Net-(D2-Pad2)"))
    (pad 1 smd rect (at -2 0 270) (size 2.5 1.7) (layers F.Cu F.Paste F.Mask)
      (net 3 "Net-(D1-Pad2)"))
    (model "C:/Users/grant/Downloads/sma-do-214ac-1.snapshot.1/SMA (DO-214AC).STEP"
      (at (xyz 0 0 0))
      (scale (xyz 1 1 1))
      (rotate (xyz -90 0 0))
    )
  )

  (module sapling:DO-214AC locked (layer F.Cu) (tedit 6131B737) (tstamp 619B636A)
    (at 162.052 90.932 270)
    (descr "Diode Footprint for CDBA240LL-HF")
    (path /61067859)
    (attr smd)
    (fp_text reference D1 (at 0 2.54 90) (layer F.SilkS)
      (effects (font (size 1 1) (thickness 0.15)))
    )
    (fp_text value CDBA240LL-HF (at 0 -2.54 90) (layer F.Fab)
      (effects (font (size 1 1) (thickness 0.15)))
    )
    (fp_line (start -2.375 1.45) (end 2.375 1.45) (layer F.SilkS) (width 0.12))
    (fp_line (start 2.375 1.45) (end 2.375 -1.45) (layer F.SilkS) (width 0.12))
    (fp_line (start -2.375 1.45) (end -2.375 -1.45) (layer F.SilkS) (width 0.12))
    (fp_line (start -2.375 -1.45) (end 2.375 -1.45) (layer F.SilkS) (width 0.12))
    (fp_poly (pts (xy 0.508 0.7112) (xy -0.3048 -0.0254) (xy 0.508 -0.635)) (layer F.SilkS) (width 0.1))
    (fp_line (start -0.4318 -0.8128) (end -0.4318 0.7366) (layer F.SilkS) (width 0.12))
    (pad 2 smd rect (at 2 0 270) (size 2.5 1.7) (layers F.Cu F.Paste F.Mask)
      (net 3 "Net-(D1-Pad2)"))
    (pad 1 smd rect (at -2 0 270) (size 2.5 1.7) (layers F.Cu F.Paste F.Mask)
      (net 4 "Net-(D1-Pad1)"))
    (model "C:/Users/grant/Downloads/sma-do-214ac-1.snapshot.1/SMA (DO-214AC).STEP"
      (at (xyz 0 0 0))
      (scale (xyz 1 1 1))
      (rotate (xyz -90 0 0))
    )
  )

  (module sapling:SM101K07TF locked (layer F.Cu) (tedit 614D4B0F) (tstamp 619B635F)
    (at 164.846 106.934)
    (path /612849A3)
    (fp_text reference SC2 (at 0 0.5) (layer F.SilkS)
      (effects (font (size 1 1) (thickness 0.15)))
    )
    (fp_text value SM101K07TF (at 0 -2.54) (layer F.SilkS)
      (effects (font (size 1 1) (thickness 0.15)))
    )
    (fp_line (start -17.5 11) (end -17.5 -11) (layer F.SilkS) (width 0.3))
    (fp_line (start 17.5 11) (end -17.5 11) (layer F.SilkS) (width 0.3))
    (fp_line (start 17.5 -11) (end 17.5 11) (layer F.SilkS) (width 0.3))
    (fp_line (start -17.5 -11) (end 17.5 -11) (layer F.SilkS) (width 0.3))
    (fp_text user - (at 8.89 5.08 -270) (layer F.SilkS)
      (effects (font (size 3 3) (thickness 0.3)))
    )
    (fp_text user + (at 8.89 -5.08) (layer F.SilkS)
      (effects (font (size 3 3) (thickness 0.3)))
    )
    (pad 2 thru_hole circle (at 13 4.5) (size 3 3) (drill 2) (layers *.Cu *.Mask)
      (net 5 "Net-(D2-Pad2)"))
    (pad 1 thru_hole circle (at 13 -4.5) (size 3 3) (drill 2) (layers *.Cu *.Mask)
      (net 3 "Net-(D1-Pad2)"))
    (model "C:/Users/grant/Downloads/SM101K07TF v3.step"
      (offset (xyz 17.5 -11 0))
      (scale (xyz 1 1 1))
      (rotate (xyz 0 0 -90))
    )
  )

  (module sapling:DO-214AC locked (layer F.Cu) (tedit 6131B737) (tstamp 619B6329)
    (at 185.166 124.206 270)
    (descr "Diode Footprint for CDBA240LL-HF")
    (path /61285247)
    (attr smd)
    (fp_text reference D3 (at 4.826 0 180) (layer F.SilkS)
      (effects (font (size 1 1) (thickness 0.15)))
    )
    (fp_text value CDBA240LL-HF (at 0 -2.54 90) (layer F.Fab)
      (effects (font (size 1 1) (thickness 0.15)))
    )
    (fp_line (start -2.375 1.45) (end 2.375 1.45) (layer F.SilkS) (width 0.12))
    (fp_line (start 2.375 1.45) (end 2.375 -1.45) (layer F.SilkS) (width 0.12))
    (fp_line (start -2.375 1.45) (end -2.375 -1.45) (layer F.SilkS) (width 0.12))
    (fp_line (start -2.375 -1.45) (end 2.375 -1.45) (layer F.SilkS) (width 0.12))
    (fp_poly (pts (xy 0.508 0.7112) (xy -0.3048 -0.0254) (xy 0.508 -0.635)) (layer F.SilkS) (width 0.1))
    (fp_line (start -0.4318 -0.8128) (end -0.4318 0.7366) (layer F.SilkS) (width 0.12))
    (pad 2 smd rect (at 2 0 270) (size 2.5 1.7) (layers F.Cu F.Paste F.Mask)
      (net 6 "Net-(D3-Pad2)"))
    (pad 1 smd rect (at -2 0 270) (size 2.5 1.7) (layers F.Cu F.Paste F.Mask)
      (net 5 "Net-(D2-Pad2)"))
    (model "C:/Users/grant/Downloads/sma-do-214ac-1.snapshot.1/SMA (DO-214AC).STEP"
      (at (xyz 0 0 0))
      (scale (xyz 1 1 1))
      (rotate (xyz -90 0 0))
    )
  )

  (module Capacitor_SMD:C_0603_1608Metric (layer B.Cu) (tedit 5F68FEEE) (tstamp 62708BCF)
    (at 133.35 85.979 180)
    (descr "Capacitor SMD 0603 (1608 Metric), square (rectangular) end terminal, IPC_7351 nominal, (Body size source: IPC-SM-782 page 76, https://www.pcb-3d.com/wordpress/wp-content/uploads/ipc-sm-782a_amendment_1_and_2.pdf), generated with kicad-footprint-generator")
    (tags capacitor)
    (path /5EE42A75)
    (attr smd)
    (fp_text reference C40 (at 2.4384 0.0508) (layer B.SilkS)
      (effects (font (size 0.6 0.6) (thickness 0.15)) (justify mirror))
    )
    (fp_text value 10nF (at 0 -1.43) (layer B.Fab)
      (effects (font (size 1 1) (thickness 0.15)) (justify mirror))
    )
    (fp_line (start -0.8 -0.4) (end -0.8 0.4) (layer B.Fab) (width 0.1))
    (fp_line (start -0.8 0.4) (end 0.8 0.4) (layer B.Fab) (width 0.1))
    (fp_line (start 0.8 0.4) (end 0.8 -0.4) (layer B.Fab) (width 0.1))
    (fp_line (start 0.8 -0.4) (end -0.8 -0.4) (layer B.Fab) (width 0.1))
    (fp_line (start -0.14058 0.51) (end 0.14058 0.51) (layer B.SilkS) (width 0.12))
    (fp_line (start -0.14058 -0.51) (end 0.14058 -0.51) (layer B.SilkS) (width 0.12))
    (fp_line (start -1.48 -0.73) (end -1.48 0.73) (layer B.CrtYd) (width 0.05))
    (fp_line (start -1.48 0.73) (end 1.48 0.73) (layer B.CrtYd) (width 0.05))
    (fp_line (start 1.48 0.73) (end 1.48 -0.73) (layer B.CrtYd) (width 0.05))
    (fp_line (start 1.48 -0.73) (end -1.48 -0.73) (layer B.CrtYd) (width 0.05))
    (fp_text user %R (at 0 0) (layer B.Fab)
      (effects (font (size 0.4 0.4) (thickness 0.06)) (justify mirror))
    )
    (pad 1 smd roundrect (at -0.775 0 180) (size 0.9 0.95) (layers B.Cu B.Paste B.Mask) (roundrect_rratio 0.25)
      (net 13 "Net-(C40-Pad1)"))
    (pad 2 smd roundrect (at 0.775 0 180) (size 0.9 0.95) (layers B.Cu B.Paste B.Mask) (roundrect_rratio 0.25)
      (net 2 GND))
    (model ${KISYS3DMOD}/Capacitor_SMD.3dshapes/C_0603_1608Metric.wrl
      (at (xyz 0 0 0))
      (scale (xyz 1 1 1))
      (rotate (xyz 0 0 0))
    )
  )

  (module Capacitor_SMD:C_0603_1608Metric (layer F.Cu) (tedit 5F68FEEE) (tstamp 62708BBF)
    (at 133.35 85.979 180)
    (descr "Capacitor SMD 0603 (1608 Metric), square (rectangular) end terminal, IPC_7351 nominal, (Body size source: IPC-SM-782 page 76, https://www.pcb-3d.com/wordpress/wp-content/uploads/ipc-sm-782a_amendment_1_and_2.pdf), generated with kicad-footprint-generator")
    (tags capacitor)
    (path /5EE09AD9)
    (attr smd)
    (fp_text reference C8 (at 0 -1.43) (layer F.SilkS)
      (effects (font (size 0.6 0.6) (thickness 0.15)))
    )
    (fp_text value 10nF (at 0 1.43) (layer F.Fab)
      (effects (font (size 1 1) (thickness 0.15)))
    )
    (fp_line (start -0.8 0.4) (end -0.8 -0.4) (layer F.Fab) (width 0.1))
    (fp_line (start -0.8 -0.4) (end 0.8 -0.4) (layer F.Fab) (width 0.1))
    (fp_line (start 0.8 -0.4) (end 0.8 0.4) (layer F.Fab) (width 0.1))
    (fp_line (start 0.8 0.4) (end -0.8 0.4) (layer F.Fab) (width 0.1))
    (fp_line (start -0.14058 -0.51) (end 0.14058 -0.51) (layer F.SilkS) (width 0.12))
    (fp_line (start -0.14058 0.51) (end 0.14058 0.51) (layer F.SilkS) (width 0.12))
    (fp_line (start -1.48 0.73) (end -1.48 -0.73) (layer F.CrtYd) (width 0.05))
    (fp_line (start -1.48 -0.73) (end 1.48 -0.73) (layer F.CrtYd) (width 0.05))
    (fp_line (start 1.48 -0.73) (end 1.48 0.73) (layer F.CrtYd) (width 0.05))
    (fp_line (start 1.48 0.73) (end -1.48 0.73) (layer F.CrtYd) (width 0.05))
    (fp_text user %R (at 0 0) (layer F.Fab)
      (effects (font (size 0.4 0.4) (thickness 0.06)))
    )
    (pad 1 smd roundrect (at -0.775 0 180) (size 0.9 0.95) (layers F.Cu F.Paste F.Mask) (roundrect_rratio 0.25)
      (net 12 "Net-(C8-Pad1)"))
    (pad 2 smd roundrect (at 0.775 0 180) (size 0.9 0.95) (layers F.Cu F.Paste F.Mask) (roundrect_rratio 0.25)
      (net 2 GND))
    (model ${KISYS3DMOD}/Capacitor_SMD.3dshapes/C_0603_1608Metric.wrl
      (at (xyz 0 0 0))
      (scale (xyz 1 1 1))
      (rotate (xyz 0 0 0))
    )
  )

  (module Package_TO_SOT_SMD:SOT-363_SC-70-6 (layer B.Cu) (tedit 5A02FF57) (tstamp 62708BAA)
    (at 137.287 87.884 180)
    (descr "SOT-363, SC-70-6")
    (tags "SOT-363 SC-70-6")
    (path /5EE42A6F)
    (attr smd)
    (fp_text reference Q8 (at -2.7178 -1.2954) (layer B.SilkS)
      (effects (font (size 0.7 0.7) (thickness 0.15)) (justify mirror))
    )
    (fp_text value MBT2222ADW1T1 (at 0 -2 180) (layer B.Fab)
      (effects (font (size 1 1) (thickness 0.15)) (justify mirror))
    )
    (fp_line (start 0.7 1.16) (end -1.2 1.16) (layer B.SilkS) (width 0.12))
    (fp_line (start -0.7 -1.16) (end 0.7 -1.16) (layer B.SilkS) (width 0.12))
    (fp_line (start 1.6 -1.4) (end 1.6 1.4) (layer B.CrtYd) (width 0.05))
    (fp_line (start -1.6 1.4) (end -1.6 -1.4) (layer B.CrtYd) (width 0.05))
    (fp_line (start -1.6 1.4) (end 1.6 1.4) (layer B.CrtYd) (width 0.05))
    (fp_line (start 0.675 1.1) (end -0.175 1.1) (layer B.Fab) (width 0.1))
    (fp_line (start -0.675 0.6) (end -0.675 -1.1) (layer B.Fab) (width 0.1))
    (fp_line (start -1.6 -1.4) (end 1.6 -1.4) (layer B.CrtYd) (width 0.05))
    (fp_line (start 0.675 1.1) (end 0.675 -1.1) (layer B.Fab) (width 0.1))
    (fp_line (start 0.675 -1.1) (end -0.675 -1.1) (layer B.Fab) (width 0.1))
    (fp_line (start -0.175 1.1) (end -0.675 0.6) (layer B.Fab) (width 0.1))
    (fp_text user %R (at 0 0 270) (layer B.Fab)
      (effects (font (size 0.5 0.5) (thickness 0.075)) (justify mirror))
    )
    (pad 1 smd rect (at -0.95 0.65 180) (size 0.65 0.4) (layers B.Cu B.Paste B.Mask)
      (net 10 SDA))
    (pad 3 smd rect (at -0.95 -0.65 180) (size 0.65 0.4) (layers B.Cu B.Paste B.Mask)
      (net 10 SDA))
    (pad 5 smd rect (at 0.95 0 180) (size 0.65 0.4) (layers B.Cu B.Paste B.Mask)
      (net 17 "Net-(Q13-Pad6)"))
    (pad 2 smd rect (at -0.95 0 180) (size 0.65 0.4) (layers B.Cu B.Paste B.Mask)
      (net 18 "Net-(Q8-Pad2)"))
    (pad 4 smd rect (at 0.95 -0.65 180) (size 0.65 0.4) (layers B.Cu B.Paste B.Mask)
      (net 19 SDA_SUN))
    (pad 6 smd rect (at 0.95 0.65 180) (size 0.65 0.4) (layers B.Cu B.Paste B.Mask)
      (net 19 SDA_SUN))
    (model ${KISYS3DMOD}/Package_TO_SOT_SMD.3dshapes/SOT-363_SC-70-6.wrl
      (at (xyz 0 0 0))
      (scale (xyz 1 1 1))
      (rotate (xyz 0 0 0))
    )
  )

  (module Package_TO_SOT_SMD:SOT-363_SC-70-6 (layer F.Cu) (tedit 5A02FF57) (tstamp 62708B95)
    (at 137.287 87.884 180)
    (descr "SOT-363, SC-70-6")
    (tags "SOT-363 SC-70-6")
    (path /5EDF6BFE)
    (attr smd)
    (fp_text reference Q7 (at -2.54 -1.27) (layer F.SilkS)
      (effects (font (size 0.7 0.7) (thickness 0.15)))
    )
    (fp_text value MBT2222ADW1T1 (at 0 2 180) (layer F.Fab)
      (effects (font (size 1 1) (thickness 0.15)))
    )
    (fp_line (start 0.7 -1.16) (end -1.2 -1.16) (layer F.SilkS) (width 0.12))
    (fp_line (start -0.7 1.16) (end 0.7 1.16) (layer F.SilkS) (width 0.12))
    (fp_line (start 1.6 1.4) (end 1.6 -1.4) (layer F.CrtYd) (width 0.05))
    (fp_line (start -1.6 -1.4) (end -1.6 1.4) (layer F.CrtYd) (width 0.05))
    (fp_line (start -1.6 -1.4) (end 1.6 -1.4) (layer F.CrtYd) (width 0.05))
    (fp_line (start 0.675 -1.1) (end -0.175 -1.1) (layer F.Fab) (width 0.1))
    (fp_line (start -0.675 -0.6) (end -0.675 1.1) (layer F.Fab) (width 0.1))
    (fp_line (start -1.6 1.4) (end 1.6 1.4) (layer F.CrtYd) (width 0.05))
    (fp_line (start 0.675 -1.1) (end 0.675 1.1) (layer F.Fab) (width 0.1))
    (fp_line (start 0.675 1.1) (end -0.675 1.1) (layer F.Fab) (width 0.1))
    (fp_line (start -0.175 -1.1) (end -0.675 -0.6) (layer F.Fab) (width 0.1))
    (fp_text user %R (at 0 0 90) (layer F.Fab)
      (effects (font (size 0.5 0.5) (thickness 0.075)))
    )
    (pad 1 smd rect (at -0.95 -0.65 180) (size 0.65 0.4) (layers F.Cu F.Paste F.Mask)
      (net 11 SCL))
    (pad 3 smd rect (at -0.95 0.65 180) (size 0.65 0.4) (layers F.Cu F.Paste F.Mask)
      (net 11 SCL))
    (pad 5 smd rect (at 0.95 0 180) (size 0.65 0.4) (layers F.Cu F.Paste F.Mask)
      (net 14 "Net-(Q12-Pad6)"))
    (pad 2 smd rect (at -0.95 0 180) (size 0.65 0.4) (layers F.Cu F.Paste F.Mask)
      (net 15 "Net-(Q7-Pad2)"))
    (pad 4 smd rect (at 0.95 0.65 180) (size 0.65 0.4) (layers F.Cu F.Paste F.Mask)
      (net 16 SCL_SUN))
    (pad 6 smd rect (at 0.95 -0.65 180) (size 0.65 0.4) (layers F.Cu F.Paste F.Mask)
      (net 16 SCL_SUN))
    (model ${KISYS3DMOD}/Package_TO_SOT_SMD.3dshapes/SOT-363_SC-70-6.wrl
      (at (xyz 0 0 0))
      (scale (xyz 1 1 1))
      (rotate (xyz 0 0 0))
    )
  )

  (module Resistor_SMD:R_0603_1608Metric (layer B.Cu) (tedit 5F68FEEE) (tstamp 62708B85)
    (at 141.224 84.328 180)
    (descr "Resistor SMD 0603 (1608 Metric), square (rectangular) end terminal, IPC_7351 nominal, (Body size source: IPC-SM-782 page 72, https://www.pcb-3d.com/wordpress/wp-content/uploads/ipc-sm-782a_amendment_1_and_2.pdf), generated with kicad-footprint-generator")
    (tags resistor)
    (path /5EE42AC3)
    (attr smd)
    (fp_text reference R74 (at -2.3876 0.0762) (layer B.SilkS)
      (effects (font (size 0.6 0.6) (thickness 0.15)) (justify mirror))
    )
    (fp_text value 100K (at 0 -1.43) (layer B.Fab)
      (effects (font (size 1 1) (thickness 0.15)) (justify mirror))
    )
    (fp_line (start -0.8 -0.4125) (end -0.8 0.4125) (layer B.Fab) (width 0.1))
    (fp_line (start -0.8 0.4125) (end 0.8 0.4125) (layer B.Fab) (width 0.1))
    (fp_line (start 0.8 0.4125) (end 0.8 -0.4125) (layer B.Fab) (width 0.1))
    (fp_line (start 0.8 -0.4125) (end -0.8 -0.4125) (layer B.Fab) (width 0.1))
    (fp_line (start -0.237258 0.5225) (end 0.237258 0.5225) (layer B.SilkS) (width 0.12))
    (fp_line (start -0.237258 -0.5225) (end 0.237258 -0.5225) (layer B.SilkS) (width 0.12))
    (fp_line (start -1.48 -0.73) (end -1.48 0.73) (layer B.CrtYd) (width 0.05))
    (fp_line (start -1.48 0.73) (end 1.48 0.73) (layer B.CrtYd) (width 0.05))
    (fp_line (start 1.48 0.73) (end 1.48 -0.73) (layer B.CrtYd) (width 0.05))
    (fp_line (start 1.48 -0.73) (end -1.48 -0.73) (layer B.CrtYd) (width 0.05))
    (fp_text user %R (at 0 0) (layer B.Fab)
      (effects (font (size 0.4 0.4) (thickness 0.06)) (justify mirror))
    )
    (pad 1 smd roundrect (at -0.825 0 180) (size 0.8 0.95) (layers B.Cu B.Paste B.Mask) (roundrect_rratio 0.25)
      (net 1 +3V3))
    (pad 2 smd roundrect (at 0.825 0 180) (size 0.8 0.95) (layers B.Cu B.Paste B.Mask) (roundrect_rratio 0.25)
      (net 21 "Net-(Q13-Pad2)"))
    (model ${KISYS3DMOD}/Resistor_SMD.3dshapes/R_0603_1608Metric.wrl
      (at (xyz 0 0 0))
      (scale (xyz 1 1 1))
      (rotate (xyz 0 0 0))
    )
  )

  (module Resistor_SMD:R_0603_1608Metric (layer F.Cu) (tedit 5F68FEEE) (tstamp 62708B75)
    (at 133.35 84.074)
    (descr "Resistor SMD 0603 (1608 Metric), square (rectangular) end terminal, IPC_7351 nominal, (Body size source: IPC-SM-782 page 72, https://www.pcb-3d.com/wordpress/wp-content/uploads/ipc-sm-782a_amendment_1_and_2.pdf), generated with kicad-footprint-generator")
    (tags resistor)
    (path /5EE2402B)
    (attr smd)
    (fp_text reference R75 (at 0 -1.524) (layer F.SilkS)
      (effects (font (size 0.6 0.6) (thickness 0.15)))
    )
    (fp_text value 200K (at 0 1.43) (layer F.Fab)
      (effects (font (size 1 1) (thickness 0.15)))
    )
    (fp_line (start -0.8 0.4125) (end -0.8 -0.4125) (layer F.Fab) (width 0.1))
    (fp_line (start -0.8 -0.4125) (end 0.8 -0.4125) (layer F.Fab) (width 0.1))
    (fp_line (start 0.8 -0.4125) (end 0.8 0.4125) (layer F.Fab) (width 0.1))
    (fp_line (start 0.8 0.4125) (end -0.8 0.4125) (layer F.Fab) (width 0.1))
    (fp_line (start -0.237258 -0.5225) (end 0.237258 -0.5225) (layer F.SilkS) (width 0.12))
    (fp_line (start -0.237258 0.5225) (end 0.237258 0.5225) (layer F.SilkS) (width 0.12))
    (fp_line (start -1.48 0.73) (end -1.48 -0.73) (layer F.CrtYd) (width 0.05))
    (fp_line (start -1.48 -0.73) (end 1.48 -0.73) (layer F.CrtYd) (width 0.05))
    (fp_line (start 1.48 -0.73) (end 1.48 0.73) (layer F.CrtYd) (width 0.05))
    (fp_line (start 1.48 0.73) (end -1.48 0.73) (layer F.CrtYd) (width 0.05))
    (fp_text user %R (at 0 0) (layer F.Fab)
      (effects (font (size 0.4 0.4) (thickness 0.06)))
    )
    (pad 1 smd roundrect (at -0.825 0) (size 0.8 0.95) (layers F.Cu F.Paste F.Mask) (roundrect_rratio 0.25)
      (net 16 SCL_SUN))
    (pad 2 smd roundrect (at 0.825 0) (size 0.8 0.95) (layers F.Cu F.Paste F.Mask) (roundrect_rratio 0.25)
      (net 12 "Net-(C8-Pad1)"))
    (model ${KISYS3DMOD}/Resistor_SMD.3dshapes/R_0603_1608Metric.wrl
      (at (xyz 0 0 0))
      (scale (xyz 1 1 1))
      (rotate (xyz 0 0 0))
    )
  )

  (module sapling:BSS138DWQ-7 (layer F.Cu) (tedit 5EC98992) (tstamp 62708B61)
    (at 137.287 84.328 180)
    (descr SOT36325)
    (tags "MOSFET (N-Channel)")
    (path /5EDF5017)
    (attr smd)
    (fp_text reference Q12 (at 0 1.905) (layer F.SilkS)
      (effects (font (size 0.7 0.7) (thickness 0.127)))
    )
    (fp_text value BSS138DWQ-7 (at 0.188 2.413) (layer Dwgs.User) hide
      (effects (font (size 1.27 1.27) (thickness 0.254)))
    )
    (fp_line (start -1.75 -1.35) (end 1.75 -1.35) (layer F.CrtYd) (width 0.05))
    (fp_line (start 1.75 -1.35) (end 1.75 1.35) (layer F.CrtYd) (width 0.05))
    (fp_line (start 1.75 1.35) (end -1.75 1.35) (layer F.CrtYd) (width 0.05))
    (fp_line (start -1.75 1.35) (end -1.75 -1.35) (layer F.CrtYd) (width 0.05))
    (fp_line (start -0.625 -1) (end 0.625 -1) (layer F.Fab) (width 0.1))
    (fp_line (start 0.625 -1) (end 0.625 1) (layer F.Fab) (width 0.1))
    (fp_line (start 0.625 1) (end -0.625 1) (layer F.Fab) (width 0.1))
    (fp_line (start -0.625 1) (end -0.625 -1) (layer F.Fab) (width 0.1))
    (fp_line (start -0.625 -0.35) (end 0.025 -1) (layer F.Fab) (width 0.1))
    (fp_line (start -1.24 -1.2) (end -0.5 -1.2) (layer F.SilkS) (width 0.2))
    (fp_text user %R (at 0 0) (layer F.Fab)
      (effects (font (size 1.27 1.27) (thickness 0.254)))
    )
    (pad 1 smd rect (at -0.95 -0.65 270) (size 0.4 0.6) (layers F.Cu F.Paste F.Mask)
      (net 2 GND))
    (pad 2 smd rect (at -0.95 0 270) (size 0.4 0.6) (layers F.Cu F.Paste F.Mask)
      (net 20 "Net-(Q12-Pad2)"))
    (pad 3 smd rect (at -0.95 0.65 270) (size 0.4 0.6) (layers F.Cu F.Paste F.Mask)
      (net 20 "Net-(Q12-Pad2)"))
    (pad 4 smd rect (at 0.95 0.65 270) (size 0.4 0.6) (layers F.Cu F.Paste F.Mask)
      (net 2 GND))
    (pad 5 smd rect (at 0.95 0 270) (size 0.4 0.6) (layers F.Cu F.Paste F.Mask)
      (net 12 "Net-(C8-Pad1)"))
    (pad 6 smd rect (at 0.95 -0.65 270) (size 0.4 0.6) (layers F.Cu F.Paste F.Mask)
      (net 14 "Net-(Q12-Pad6)"))
    (model ${CUSTOM_FOOTPRINT_DIR}/3d/BSS138DWQ-7.stp
      (at (xyz 0 0 0))
      (scale (xyz 1 1 1))
      (rotate (xyz 0 0 0))
    )
  )

  (module Resistor_SMD:R_0603_1608Metric (layer B.Cu) (tedit 5F68FEEE) (tstamp 62708B51)
    (at 141.224 82.677 180)
    (descr "Resistor SMD 0603 (1608 Metric), square (rectangular) end terminal, IPC_7351 nominal, (Body size source: IPC-SM-782 page 72, https://www.pcb-3d.com/wordpress/wp-content/uploads/ipc-sm-782a_amendment_1_and_2.pdf), generated with kicad-footprint-generator")
    (tags resistor)
    (path /5EE42ADF)
    (attr smd)
    (fp_text reference R67 (at -2.3876 0) (layer B.SilkS)
      (effects (font (size 0.6 0.6) (thickness 0.15)) (justify mirror))
    )
    (fp_text value 10K (at 0 -1.43) (layer B.Fab)
      (effects (font (size 1 1) (thickness 0.15)) (justify mirror))
    )
    (fp_line (start -0.8 -0.4125) (end -0.8 0.4125) (layer B.Fab) (width 0.1))
    (fp_line (start -0.8 0.4125) (end 0.8 0.4125) (layer B.Fab) (width 0.1))
    (fp_line (start 0.8 0.4125) (end 0.8 -0.4125) (layer B.Fab) (width 0.1))
    (fp_line (start 0.8 -0.4125) (end -0.8 -0.4125) (layer B.Fab) (width 0.1))
    (fp_line (start -0.237258 0.5225) (end 0.237258 0.5225) (layer B.SilkS) (width 0.12))
    (fp_line (start -0.237258 -0.5225) (end 0.237258 -0.5225) (layer B.SilkS) (width 0.12))
    (fp_line (start -1.48 -0.73) (end -1.48 0.73) (layer B.CrtYd) (width 0.05))
    (fp_line (start -1.48 0.73) (end 1.48 0.73) (layer B.CrtYd) (width 0.05))
    (fp_line (start 1.48 0.73) (end 1.48 -0.73) (layer B.CrtYd) (width 0.05))
    (fp_line (start 1.48 -0.73) (end -1.48 -0.73) (layer B.CrtYd) (width 0.05))
    (fp_text user %R (at 0 0) (layer B.Fab)
      (effects (font (size 0.4 0.4) (thickness 0.06)) (justify mirror))
    )
    (pad 1 smd roundrect (at -0.825 0 180) (size 0.8 0.95) (layers B.Cu B.Paste B.Mask) (roundrect_rratio 0.25)
      (net 1 +3V3))
    (pad 2 smd roundrect (at 0.825 0 180) (size 0.8 0.95) (layers B.Cu B.Paste B.Mask) (roundrect_rratio 0.25)
      (net 19 SDA_SUN))
    (model ${KISYS3DMOD}/Resistor_SMD.3dshapes/R_0603_1608Metric.wrl
      (at (xyz 0 0 0))
      (scale (xyz 1 1 1))
      (rotate (xyz 0 0 0))
    )
  )

  (module Resistor_SMD:R_0603_1608Metric (layer F.Cu) (tedit 5F68FEEE) (tstamp 62708B41)
    (at 137.287 90.297)
    (descr "Resistor SMD 0603 (1608 Metric), square (rectangular) end terminal, IPC_7351 nominal, (Body size source: IPC-SM-782 page 72, https://www.pcb-3d.com/wordpress/wp-content/uploads/ipc-sm-782a_amendment_1_and_2.pdf), generated with kicad-footprint-generator")
    (tags resistor)
    (path /5EF31159)
    (attr smd)
    (fp_text reference R97 (at 0 1.27) (layer F.SilkS)
      (effects (font (size 0.6 0.6) (thickness 0.15)))
    )
    (fp_text value 0 (at 0 1.43) (layer F.Fab)
      (effects (font (size 1 1) (thickness 0.15)))
    )
    (fp_line (start -0.8 0.4125) (end -0.8 -0.4125) (layer F.Fab) (width 0.1))
    (fp_line (start -0.8 -0.4125) (end 0.8 -0.4125) (layer F.Fab) (width 0.1))
    (fp_line (start 0.8 -0.4125) (end 0.8 0.4125) (layer F.Fab) (width 0.1))
    (fp_line (start 0.8 0.4125) (end -0.8 0.4125) (layer F.Fab) (width 0.1))
    (fp_line (start -0.237258 -0.5225) (end 0.237258 -0.5225) (layer F.SilkS) (width 0.12))
    (fp_line (start -0.237258 0.5225) (end 0.237258 0.5225) (layer F.SilkS) (width 0.12))
    (fp_line (start -1.48 0.73) (end -1.48 -0.73) (layer F.CrtYd) (width 0.05))
    (fp_line (start -1.48 -0.73) (end 1.48 -0.73) (layer F.CrtYd) (width 0.05))
    (fp_line (start 1.48 -0.73) (end 1.48 0.73) (layer F.CrtYd) (width 0.05))
    (fp_line (start 1.48 0.73) (end -1.48 0.73) (layer F.CrtYd) (width 0.05))
    (fp_text user %R (at 0 0) (layer F.Fab)
      (effects (font (size 0.4 0.4) (thickness 0.06)))
    )
    (pad 1 smd roundrect (at -0.825 0) (size 0.8 0.95) (layers F.Cu F.Paste F.Mask) (roundrect_rratio 0.25)
      (net 16 SCL_SUN))
    (pad 2 smd roundrect (at 0.825 0) (size 0.8 0.95) (layers F.Cu F.Paste F.Mask) (roundrect_rratio 0.25)
      (net 11 SCL))
    (model ${KISYS3DMOD}/Resistor_SMD.3dshapes/R_0603_1608Metric.wrl
      (at (xyz 0 0 0))
      (scale (xyz 1 1 1))
      (rotate (xyz 0 0 0))
    )
  )

  (module Resistor_SMD:R_0603_1608Metric (layer B.Cu) (tedit 5F68FEEE) (tstamp 62708B31)
    (at 137.287 90.297)
    (descr "Resistor SMD 0603 (1608 Metric), square (rectangular) end terminal, IPC_7351 nominal, (Body size source: IPC-SM-782 page 72, https://www.pcb-3d.com/wordpress/wp-content/uploads/ipc-sm-782a_amendment_1_and_2.pdf), generated with kicad-footprint-generator")
    (tags resistor)
    (path /5EF31160)
    (attr smd)
    (fp_text reference R98 (at 0.0254 1.2192) (layer B.SilkS)
      (effects (font (size 0.6 0.6) (thickness 0.15)) (justify mirror))
    )
    (fp_text value 0 (at 0 -1.43) (layer B.Fab)
      (effects (font (size 1 1) (thickness 0.15)) (justify mirror))
    )
    (fp_line (start -0.8 -0.4125) (end -0.8 0.4125) (layer B.Fab) (width 0.1))
    (fp_line (start -0.8 0.4125) (end 0.8 0.4125) (layer B.Fab) (width 0.1))
    (fp_line (start 0.8 0.4125) (end 0.8 -0.4125) (layer B.Fab) (width 0.1))
    (fp_line (start 0.8 -0.4125) (end -0.8 -0.4125) (layer B.Fab) (width 0.1))
    (fp_line (start -0.237258 0.5225) (end 0.237258 0.5225) (layer B.SilkS) (width 0.12))
    (fp_line (start -0.237258 -0.5225) (end 0.237258 -0.5225) (layer B.SilkS) (width 0.12))
    (fp_line (start -1.48 -0.73) (end -1.48 0.73) (layer B.CrtYd) (width 0.05))
    (fp_line (start -1.48 0.73) (end 1.48 0.73) (layer B.CrtYd) (width 0.05))
    (fp_line (start 1.48 0.73) (end 1.48 -0.73) (layer B.CrtYd) (width 0.05))
    (fp_line (start 1.48 -0.73) (end -1.48 -0.73) (layer B.CrtYd) (width 0.05))
    (fp_text user %R (at 0 0) (layer B.Fab)
      (effects (font (size 0.4 0.4) (thickness 0.06)) (justify mirror))
    )
    (pad 1 smd roundrect (at -0.825 0) (size 0.8 0.95) (layers B.Cu B.Paste B.Mask) (roundrect_rratio 0.25)
      (net 19 SDA_SUN))
    (pad 2 smd roundrect (at 0.825 0) (size 0.8 0.95) (layers B.Cu B.Paste B.Mask) (roundrect_rratio 0.25)
      (net 10 SDA))
    (model ${KISYS3DMOD}/Resistor_SMD.3dshapes/R_0603_1608Metric.wrl
      (at (xyz 0 0 0))
      (scale (xyz 1 1 1))
      (rotate (xyz 0 0 0))
    )
  )

  (module Resistor_SMD:R_0603_1608Metric (layer F.Cu) (tedit 5F68FEEE) (tstamp 62708B21)
    (at 141.224 87.63)
    (descr "Resistor SMD 0603 (1608 Metric), square (rectangular) end terminal, IPC_7351 nominal, (Body size source: IPC-SM-782 page 72, https://www.pcb-3d.com/wordpress/wp-content/uploads/ipc-sm-782a_amendment_1_and_2.pdf), generated with kicad-footprint-generator")
    (tags resistor)
    (path /5EE112A1)
    (attr smd)
    (fp_text reference R71 (at 2.413 0) (layer F.SilkS)
      (effects (font (size 0.6 0.6) (thickness 0.15)))
    )
    (fp_text value 680 (at 0 1.43) (layer F.Fab)
      (effects (font (size 1 1) (thickness 0.15)))
    )
    (fp_line (start -0.8 0.4125) (end -0.8 -0.4125) (layer F.Fab) (width 0.1))
    (fp_line (start -0.8 -0.4125) (end 0.8 -0.4125) (layer F.Fab) (width 0.1))
    (fp_line (start 0.8 -0.4125) (end 0.8 0.4125) (layer F.Fab) (width 0.1))
    (fp_line (start 0.8 0.4125) (end -0.8 0.4125) (layer F.Fab) (width 0.1))
    (fp_line (start -0.237258 -0.5225) (end 0.237258 -0.5225) (layer F.SilkS) (width 0.12))
    (fp_line (start -0.237258 0.5225) (end 0.237258 0.5225) (layer F.SilkS) (width 0.12))
    (fp_line (start -1.48 0.73) (end -1.48 -0.73) (layer F.CrtYd) (width 0.05))
    (fp_line (start -1.48 -0.73) (end 1.48 -0.73) (layer F.CrtYd) (width 0.05))
    (fp_line (start 1.48 -0.73) (end 1.48 0.73) (layer F.CrtYd) (width 0.05))
    (fp_line (start 1.48 0.73) (end -1.48 0.73) (layer F.CrtYd) (width 0.05))
    (fp_text user %R (at 0 0) (layer F.Fab)
      (effects (font (size 0.4 0.4) (thickness 0.06)))
    )
    (pad 1 smd roundrect (at -0.825 0) (size 0.8 0.95) (layers F.Cu F.Paste F.Mask) (roundrect_rratio 0.25)
      (net 15 "Net-(Q7-Pad2)"))
    (pad 2 smd roundrect (at 0.825 0) (size 0.8 0.95) (layers F.Cu F.Paste F.Mask) (roundrect_rratio 0.25)
      (net 14 "Net-(Q12-Pad6)"))
    (model ${KISYS3DMOD}/Resistor_SMD.3dshapes/R_0603_1608Metric.wrl
      (at (xyz 0 0 0))
      (scale (xyz 1 1 1))
      (rotate (xyz 0 0 0))
    )
  )

  (module Resistor_SMD:R_0603_1608Metric (layer B.Cu) (tedit 5F68FEEE) (tstamp 62708B11)
    (at 133.35 84.074)
    (descr "Resistor SMD 0603 (1608 Metric), square (rectangular) end terminal, IPC_7351 nominal, (Body size source: IPC-SM-782 page 72, https://www.pcb-3d.com/wordpress/wp-content/uploads/ipc-sm-782a_amendment_1_and_2.pdf), generated with kicad-footprint-generator")
    (tags resistor)
    (path /5EE42AA8)
    (attr smd)
    (fp_text reference R76 (at -2.4892 -0.0254) (layer B.SilkS)
      (effects (font (size 0.6 0.6) (thickness 0.15)) (justify mirror))
    )
    (fp_text value 200K (at 0 -1.43) (layer B.Fab)
      (effects (font (size 1 1) (thickness 0.15)) (justify mirror))
    )
    (fp_line (start -0.8 -0.4125) (end -0.8 0.4125) (layer B.Fab) (width 0.1))
    (fp_line (start -0.8 0.4125) (end 0.8 0.4125) (layer B.Fab) (width 0.1))
    (fp_line (start 0.8 0.4125) (end 0.8 -0.4125) (layer B.Fab) (width 0.1))
    (fp_line (start 0.8 -0.4125) (end -0.8 -0.4125) (layer B.Fab) (width 0.1))
    (fp_line (start -0.237258 0.5225) (end 0.237258 0.5225) (layer B.SilkS) (width 0.12))
    (fp_line (start -0.237258 -0.5225) (end 0.237258 -0.5225) (layer B.SilkS) (width 0.12))
    (fp_line (start -1.48 -0.73) (end -1.48 0.73) (layer B.CrtYd) (width 0.05))
    (fp_line (start -1.48 0.73) (end 1.48 0.73) (layer B.CrtYd) (width 0.05))
    (fp_line (start 1.48 0.73) (end 1.48 -0.73) (layer B.CrtYd) (width 0.05))
    (fp_line (start 1.48 -0.73) (end -1.48 -0.73) (layer B.CrtYd) (width 0.05))
    (fp_text user %R (at 0 0) (layer B.Fab)
      (effects (font (size 0.4 0.4) (thickness 0.06)) (justify mirror))
    )
    (pad 1 smd roundrect (at -0.825 0) (size 0.8 0.95) (layers B.Cu B.Paste B.Mask) (roundrect_rratio 0.25)
      (net 19 SDA_SUN))
    (pad 2 smd roundrect (at 0.825 0) (size 0.8 0.95) (layers B.Cu B.Paste B.Mask) (roundrect_rratio 0.25)
      (net 13 "Net-(C40-Pad1)"))
    (model ${KISYS3DMOD}/Resistor_SMD.3dshapes/R_0603_1608Metric.wrl
      (at (xyz 0 0 0))
      (scale (xyz 1 1 1))
      (rotate (xyz 0 0 0))
    )
  )

  (module Resistor_SMD:R_0603_1608Metric (layer F.Cu) (tedit 5F68FEEE) (tstamp 62708B01)
    (at 141.224 82.677 180)
    (descr "Resistor SMD 0603 (1608 Metric), square (rectangular) end terminal, IPC_7351 nominal, (Body size source: IPC-SM-782 page 72, https://www.pcb-3d.com/wordpress/wp-content/uploads/ipc-sm-782a_amendment_1_and_2.pdf), generated with kicad-footprint-generator")
    (tags resistor)
    (path /5EE10279)
    (attr smd)
    (fp_text reference R66 (at -2.413 0) (layer F.SilkS)
      (effects (font (size 0.6 0.6) (thickness 0.15)))
    )
